-1.976e-02   -1.05844   -1.85422
-1.968e-02   -1.0493   -1.86344
-1.960e-02   -1.03016   -1.84453
-1.952e-02   -1.02102   -1.85
-1.944e-02   -1.00812   -1.84344
-1.936e-02   -0.995156   -1.83406
-1.928e-02   -0.97125   -1.83062
-1.920e-02   -0.962656   -1.81672
-1.912e-02   -0.942422   -1.815
-1.904e-02   -0.923281   -1.80516
-1.896e-02   -0.899297   -1.81266
-1.888e-02   -0.885313   -1.78984
-1.880e-02   -0.86375   -1.785
-1.872e-02   -0.842109   -1.76672
-1.864e-02   -0.813281   -1.76281
-1.856e-02   -0.803906   -1.76844
-1.848e-02   -0.774062   -1.74266
-1.840e-02   -0.750625   -1.73438
-1.832e-02   -0.720937   -1.70984
-1.824e-02   -0.701875   -1.71734
-1.816e-02   -0.671328   -1.69656
-1.808e-02   -0.647344   -1.67344
-1.800e-02   -0.613437   -1.65703
-1.792e-02   -0.594141   -1.635
-1.784e-02   -0.561328   -1.63141
-1.776e-02   -0.534531   -1.61984
-1.768e-02   -0.501797   -1.60125
-1.760e-02   -0.470937   -1.58141
-1.752e-02   -0.445859   -1.56891
-1.744e-02   -0.411094   -1.53422
-1.736e-02   -0.381484   -1.51203
-1.728e-02   -0.356797   -1.46703
-1.720e-02   -0.327422   -1.46156
-1.712e-02   -0.294375   -1.43984
-1.704e-02   -0.272109   -1.43078
-1.696e-02   -0.232891   -1.37484
-1.688e-02   -0.202188   -1.34563
-1.680e-02   -0.174297   -1.31953
-1.672e-02   -0.137578   -1.27172
-1.664e-02   -0.112734   -1.25109
-1.656e-02   -0.0778125   -1.20297
-1.648e-02   -0.0469531   -1.16672
-1.640e-02   0.001875   -1.11219
-1.632e-02   0.0470313   -1.06188
-1.624e-02   0.0739063   -1.00891
-1.616e-02   0.105625   -0.942344
-1.608e-02   0.134766   -0.860781
-1.600e-02   0.169844   -0.812188
-1.592e-02   0.190156   -0.751563
-1.584e-02   0.218906   -0.666406
-1.576e-02   0.252031   -0.585938
-1.568e-02   0.274766   -0.485625
-1.560e-02   0.310156   -0.400312
-1.552e-02   0.324922   -0.310938
-1.544e-02   0.358516   -0.210781
-1.536e-02   0.373984   -0.1075
-1.528e-02   0.407109   0.0128125
-1.520e-02   0.441719   0.122344
-1.512e-02   0.474297   0.238281
-1.504e-02   0.499688   0.355938
-1.496e-02   0.530547   0.45875
-1.488e-02   0.549531   0.582813
-1.480e-02   0.574922   0.684844
-1.472e-02   0.618359   0.806563
-1.464e-02   0.648984   0.909062
-1.456e-02   0.674141   1.00891
-1.448e-02   0.69625   1.105
-1.440e-02   0.729219   1.1975
-1.432e-02   0.768203   1.28578
-1.424e-02   0.795313   1.36875
-1.416e-02   0.815   1.42484
-1.408e-02   0.845313   1.48266
-1.400e-02   0.881875   1.5025
-1.392e-02   0.908594   1.55563
-1.384e-02   0.928984   1.56109
-1.376e-02   0.952656   1.60047
-1.368e-02   0.973906   1.61734
-1.360e-02   0.991016   1.62703
-1.352e-02   1.00547   1.64859
-1.344e-02   1.02734   1.68781
-1.336e-02   1.03266   1.70047
-1.328e-02   1.04633   1.71281
-1.320e-02   1.05906   1.69406
-1.312e-02   1.07062   1.7125
-1.304e-02   1.09148   1.71719
-1.296e-02   1.09148   1.73813
-1.288e-02   1.0957   1.72172
-1.280e-02   1.10781   1.7175
-1.272e-02   1.11352   1.75734
-1.264e-02   1.11078   1.74609
-1.256e-02   1.11906   1.74266
-1.248e-02   1.12859   1.7375
-1.240e-02   1.13453   1.73719
-1.232e-02   1.12484   1.76812
-1.224e-02   1.13109   1.76547
-1.216e-02   1.11875   1.73375
-1.208e-02   1.12914   1.7575
-1.200e-02   1.13055   1.76844
-1.192e-02   1.11813   1.74734
-1.184e-02   1.11602   1.7675
-1.176e-02   1.1118   1.73813
-1.168e-02   1.10289   1.75125
-1.160e-02   1.09469   1.74828
-1.152e-02   1.09375   1.735
-1.144e-02   1.07984   1.73047
-1.136e-02   1.065   1.72344
-1.128e-02   1.05203   1.71406
-1.120e-02   1.04094   1.73562
-1.112e-02   1.03313   1.72703
-1.104e-02   1.01891   1.70344
-1.096e-02   0.998672   1.71281
-1.088e-02   0.985469   1.69562
-1.080e-02   0.970156   1.70188
-1.072e-02   0.950313   1.67516
-1.064e-02   0.935   1.66156
-1.056e-02   0.914297   1.67141
-1.048e-02   0.894375   1.66875
-1.040e-02   0.871094   1.665
-1.032e-02   0.845859   1.63109
-1.024e-02   0.827813   1.62938
-1.016e-02   0.803672   1.60422
-1.008e-02   0.778828   1.61688
-1.00e-02   0.745703   1.61469
-9.92e-03   0.729688   1.59609
-9.84e-03   0.701719   1.59703
-9.76e-03   0.673906   1.57344
-9.68e-03   0.649141   1.54469
-9.60e-03   0.624219   1.54141
-9.52e-03   0.5975   1.54859
-9.44e-03   0.559219   1.51141
-9.36e-03   0.543672   1.49531
-9.28e-03   0.523047   1.48406
-9.20e-03   0.477969   1.45891
-9.12e-03   0.448672   1.43094
-9.04e-03   0.423672   1.41531
-8.96e-03   0.397734   1.39047
-8.88e-03   0.371328   1.37344
-8.80e-03   0.330078   1.35828
-8.72e-03   0.290859   1.31219
-8.64e-03   0.27   1.28797
-8.56e-03   0.241094   1.24687
-8.48e-03   0.206484   1.2175
-8.40e-03   0.176641   1.18016
-8.32e-03   0.141406   1.14094
-8.24e-03   0.112266   1.11531
-8.16e-03   0.0810938   1.06703
-8.08e-03   0.0432813   1.01891
-8.00e-03   -0.00195313   0.957813
-7.92e-03   -0.0433594   0.904063
-7.84e-03   -0.0825781   0.853906
-7.76e-03   -0.111172   0.781406
-7.68e-03   -0.146797   0.713438
-7.60e-03   -0.178516   0.647969
-7.52e-03   -0.200937   0.566875
-7.44e-03   -0.234141   0.479063
-7.36e-03   -0.260078   0.411094
-7.28e-03   -0.281406   0.320156
-7.20e-03   -0.307813   0.225
-7.12e-03   -0.33625   0.13125
-7.04e-03   -0.360469   0.0307813
-6.96e-03   -0.389844   -0.085
-6.88e-03   -0.414297   -0.199219
-6.80e-03   -0.437969   -0.296719
-6.72e-03   -0.465781   -0.410625
-6.64e-03   -0.495234   -0.529219
-6.56e-03   -0.51625   -0.642656
-6.48e-03   -0.549453   -0.749531
-6.40e-03   -0.581094   -0.864844
-6.32e-03   -0.611328   -0.968906
-6.24e-03   -0.644766   -1.08453
-6.16e-03   -0.678359   -1.18328
-6.08e-03   -0.71375   -1.2675
-6.00e-03   -0.738516   -1.34641
-5.92e-03   -0.769219   -1.44
-5.84e-03   -0.799531   -1.50188
-5.76e-03   -0.829063   -1.57203
-5.68e-03   -0.861797   -1.61359
-5.60e-03   -0.880781   -1.65531
-5.52e-03   -0.903594   -1.68531
-5.44e-03   -0.928047   -1.71594
-5.36e-03   -0.949531   -1.73844
-5.28e-03   -0.967344   -1.77641
-5.20e-03   -0.984453   -1.78328
-5.12e-03   -1.0043   -1.80578
-5.04e-03   -1.01844   -1.80172
-4.96e-03   -1.0207   -1.81094
-4.88e-03   -1.04117   -1.82922
-4.80e-03   -1.05656   -1.83781
-4.72e-03   -1.07227   -1.85281
-4.64e-03   -1.07023   -1.8425
-4.56e-03   -1.0832   -1.85047
-4.48e-03   -1.09141   -1.85813
-4.40e-03   -1.10227   -1.85531
-4.32e-03   -1.09578   -1.86563
-4.24e-03   -1.11187   -1.87484
-4.16e-03   -1.11133   -1.87656
-4.08e-03   -1.11172   -1.87438
-4.00e-03   -1.10992   -1.87813
-3.92e-03   -1.11383   -1.87422
-3.84e-03   -1.11945   -1.88703
-3.76e-03   -1.11148   -1.86219
-3.68e-03   -1.10836   -1.87328
-3.60e-03   -1.10383   -1.87656
-3.52e-03   -1.10336   -1.86672
-3.44e-03   -1.09516   -1.86891
-3.36e-03   -1.08016   -1.86141
-3.28e-03   -1.08344   -1.86016
-3.20e-03   -1.07391   -1.86094
-3.12e-03   -1.06125   -1.88391
-3.04e-03   -1.04984   -1.85563
-2.96e-03   -1.03391   -1.86844
-2.88e-03   -1.02672   -1.84797
-2.80e-03   -1.01789   -1.8475
-2.72e-03   -1.00344   -1.85062
-2.64e-03   -0.987891   -1.82641
-2.56e-03   -0.966016   -1.81156
-2.48e-03   -0.945078   -1.8125
-2.40e-03   -0.925625   -1.80687
-2.32e-03   -0.907266   -1.79953
-2.24e-03   -0.893984   -1.79797
-2.16e-03   -0.868906   -1.77719
-2.08e-03   -0.854219   -1.76734
-2.00e-03   -0.821562   -1.77172
-1.92e-03   -0.801797   -1.7575
-1.84e-03   -0.777969   -1.75156
-1.76e-03   -0.754375   -1.73469
-1.68e-03   -0.730859   -1.74141
-1.60e-03   -0.706797   -1.70656
-1.52e-03   -0.680469   -1.69906
-1.44e-03   -0.648438   -1.67688
-1.36e-03   -0.623984   -1.67031
-1.28e-03   -0.597109   -1.65203
-1.20e-03   -0.570703   -1.65266
-1.12e-03   -0.543359   -1.62219
-1.04e-03   -0.509609   -1.60156
-9.6e-04   -0.489609   -1.59438
-8.8e-04   -0.453672   -1.56031
-8.0e-04   -0.423047   -1.54422
-7.2e-04   -0.398047   -1.51219
-6.4e-04   -0.361719   -1.49578
-5.6e-04   -0.331953   -1.47125
-4.8e-04   -0.305234   -1.44391
-4.0e-04   -0.280234   -1.42141
-3.2e-04   -0.248516   -1.38156
-2.4e-04   -0.215547   -1.35391
-1.6e-04   -0.189375   -1.31953
-8e-05   -0.157031   -1.30609
0.0e+00   -0.122969   -1.26047
8e-05   -0.0897656   -1.22328
1.6e-04   -0.0546875   -1.16688
2.4e-04   -0.0142188   -1.12531
3.2e-04   0.0222656   -1.07906
4.0e-04   0.0632031   -1.0325
4.8e-04   0.094375   -0.967188
5.6e-04   0.131094   -0.905469
6.4e-04   0.157969   -0.816563
7.2e-04   0.188359   -0.757344
8.0e-04   0.219844   -0.682188
8.8e-04   0.242813   -0.609063
9.6e-04   0.266641   -0.515469
1.04e-03   0.294141   -0.439687
1.12e-03   0.328203   -0.333906
1.20e-03   0.344922   -0.230938
1.28e-03   0.372187   -0.13625
1.36e-03   0.39875   -0.016875
1.44e-03   0.422266   0.0832813
1.52e-03   0.460313   0.1975
1.60e-03   0.485078   0.322188
1.68e-03   0.518438   0.42
1.76e-03   0.548906   0.533437
1.84e-03   0.575234   0.653437
1.92e-03   0.605859   0.772813
2.00e-03   0.643281   0.88375
2.08e-03   0.665703   0.976094
2.16e-03   0.695547   1.07344
2.24e-03   0.724688   1.17734
2.32e-03   0.754766   1.26188
2.40e-03   0.78375   1.35891
2.48e-03   0.813047   1.41531
2.56e-03   0.842344   1.46844
2.64e-03   0.870391   1.48328
2.72e-03   0.895547   1.54656
2.80e-03   0.926875   1.56563
2.88e-03   0.946719   1.60531
2.96e-03   0.958516   1.61891
3.04e-03   0.979063   1.62734
3.12e-03   1.00289   1.65531
3.20e-03   1.01094   1.67625
3.28e-03   1.03172   1.67797
3.36e-03   1.0407   1.67625
3.44e-03   1.0568   1.68141
3.52e-03   1.07164   1.72281
3.60e-03   1.07688   1.71969
3.68e-03   1.08547   1.71078
3.76e-03   1.09859   1.72922
3.84e-03   1.11203   1.74984
3.92e-03   1.11023   1.71938
4.00e-03   1.11727   1.745
4.08e-03   1.12062   1.74281
4.16e-03   1.13008   1.76297
4.24e-03   1.12648   1.73531
4.32e-03   1.12141   1.74141
4.40e-03   1.12656   1.74547
4.48e-03   1.13336   1.74766
4.56e-03   1.12547   1.74656
4.64e-03   1.12422   1.75391
4.72e-03   1.12516   1.7775
4.80e-03   1.12094   1.74453
4.88e-03   1.11258   1.75859
4.96e-03   1.10891   1.7375
5.04e-03   1.10484   1.75922
5.12e-03   1.09078   1.72406
5.20e-03   1.07227   1.72125
5.28e-03   1.06992   1.73328
5.36e-03   1.05844   1.71938
5.44e-03   1.05359   1.72516
5.52e-03   1.03234   1.70156
5.60e-03   1.01781   1.70781
5.68e-03   1.00516   1.69531
5.76e-03   0.993828   1.70547
5.84e-03   0.967734   1.70406
5.92e-03   0.956406   1.68094
6.00e-03   0.946562   1.69578
6.08e-03   0.917656   1.685
6.16e-03   0.901406   1.66547
6.24e-03   0.880469   1.65719
6.32e-03   0.853828   1.66391
6.40e-03   0.83   1.63781
6.48e-03   0.805625   1.64781
6.56e-03   0.786641   1.63672
6.64e-03   0.755391   1.61125
6.72e-03   0.732422   1.59297
6.80e-03   0.705703   1.595
6.88e-03   0.681484   1.59078
6.96e-03   0.663359   1.56422
7.04e-03   0.636719   1.55656
7.12e-03   0.600781   1.54078
7.20e-03   0.575547   1.52406
7.28e-03   0.55125   1.51125
7.36e-03   0.527578   1.47984
7.44e-03   0.497187   1.48094
7.52e-03   0.453594   1.44813
7.60e-03   0.426719   1.43547
7.68e-03   0.399219   1.4075
7.76e-03   0.370469   1.37125
7.84e-03   0.334453   1.33453
7.92e-03   0.309453   1.31891
8.00e-03   0.278516   1.27641
8.08e-03   0.247109   1.25609
8.16e-03   0.221953   1.22391
8.24e-03   0.178359   1.19969
8.32e-03   0.149922   1.15766
8.40e-03   0.117891   1.12016
8.48e-03   0.0907813   1.07984
8.56e-03   0.0647656   1.04156
8.64e-03   0.0180469   0.991719
8.72e-03   -0.0241406   0.932813
8.80e-03   -0.0652344   0.872656
8.88e-03   -0.103828   0.812813
8.96e-03   -0.150937   0.739063
9.04e-03   -0.165781   0.672656
9.12e-03   -0.194219   0.604844
9.20e-03   -0.223203   0.524062
9.28e-03   -0.253281   0.444219
9.36e-03   -0.277031   0.357031
9.44e-03   -0.305078   0.268438
9.52e-03   -0.325625   0.168906
9.60e-03   -0.346797   0.053125
9.68e-03   -0.375391   -0.0407813
9.76e-03   -0.402891   -0.147031
9.84e-03   -0.43125   -0.257969
9.92e-03   -0.453906   -0.367031
1.000e-02   -0.479531   -0.494844
1.008e-02   -0.512031   -0.601875
1.016e-02   -0.544141   -0.721094
1.024e-02   -0.571875   -0.823906
1.032e-02   -0.596016   -0.932188
1.040e-02   -0.634141   -1.04078
1.048e-02   -0.664531   -1.13469
1.056e-02   -0.702266   -1.24406
1.064e-02   -0.729453   -1.33453
1.072e-02   -0.758125   -1.435
1.080e-02   -0.792734   -1.4825
1.088e-02   -0.819063   -1.54594
1.096e-02   -0.85125   -1.60187
1.104e-02   -0.873516   -1.64016
1.112e-02   -0.906406   -1.69172
1.120e-02   -0.920078   -1.68938
1.128e-02   -0.943281   -1.72047
1.136e-02   -0.962578   -1.74859
1.144e-02   -0.987422   -1.76828
1.152e-02   -0.9975   -1.77953
1.160e-02   -1.01703   -1.80578
1.168e-02   -1.02375   -1.80234
1.176e-02   -1.03891   -1.82391
1.184e-02   -1.05633   -1.82578
1.192e-02   -1.05531   -1.83719
1.200e-02   -1.07281   -1.84297
1.208e-02   -1.08359   -1.84516
1.216e-02   -1.09289   -1.84656
1.224e-02   -1.09258   -1.85938
1.232e-02   -1.10102   -1.86219
1.240e-02   -1.10961   -1.86453
1.248e-02   -1.10906   -1.87281
1.256e-02   -1.10883   -1.86844
1.264e-02   -1.11219   -1.87922
1.272e-02   -1.11578   -1.88219
1.280e-02   -1.11633   -1.87406
1.288e-02   -1.10391   -1.86313
1.296e-02   -1.10703   -1.87078
1.304e-02   -1.11312   -1.88688
1.312e-02   -1.10523   -1.88594
1.320e-02   -1.09453   -1.86953
1.328e-02   -1.0893   -1.86781
1.336e-02   -1.08289   -1.85797
1.344e-02   -1.07609   -1.86563
1.352e-02   -1.05453   -1.84969
1.360e-02   -1.05313   -1.86266
1.368e-02   -1.04203   -1.84453
1.376e-02   -1.03891   -1.83969
1.384e-02   -1.01594   -1.84859
1.392e-02   -0.999844   -1.83625
1.400e-02   -0.986172   -1.83563
1.408e-02   -0.966563   -1.83563
1.416e-02   -0.950625   -1.83828
1.424e-02   -0.934688   -1.81203
1.432e-02   -0.918281   -1.79766
1.440e-02   -0.894297   -1.79266
1.448e-02   -0.868516   -1.79203
1.456e-02   -0.856484   -1.76906
1.464e-02   -0.84   -1.77969
1.472e-02   -0.811953   -1.75797
1.480e-02   -0.785156   -1.745
1.488e-02   -0.762266   -1.73297
1.496e-02   -0.743203   -1.71547
1.504e-02   -0.719766   -1.72516
1.512e-02   -0.688516   -1.69938
1.520e-02   -0.660625   -1.69313
1.528e-02   -0.631641   -1.66516
1.536e-02   -0.603906   -1.65391
1.544e-02   -0.577734   -1.63734
1.552e-02   -0.550078   -1.62688
1.560e-02   -0.521953   -1.60391
1.568e-02   -0.495391   -1.58875
1.576e-02   -0.464844   -1.58516
1.584e-02   -0.435625   -1.55766
1.592e-02   -0.408203   -1.52297
1.600e-02   -0.373672   -1.49547
1.608e-02   -0.344219   -1.47516
1.616e-02   -0.321484   -1.45188
1.624e-02   -0.281719   -1.43187
1.632e-02   -0.255781   -1.39953
1.640e-02   -0.222188   -1.35813
1.648e-02   -0.189922   -1.32969
1.656e-02   -0.162188   -1.30766
1.664e-02   -0.130313   -1.26203
1.672e-02   -0.102422   -1.23797
1.680e-02   -0.0746094   -1.18813
1.688e-02   -0.0411719   -1.15938
1.696e-02   0.0130469   -1.09266
1.704e-02   0.0514844   -1.03734
1.712e-02   0.0847656   -0.985469
1.720e-02   0.116875   -0.919844
1.728e-02   0.144766   -0.86
1.736e-02   0.172187   -0.785469
1.744e-02   0.208359   -0.722656
1.752e-02   0.23375   -0.637969
1.760e-02   0.261563   -0.553125
1.768e-02   0.280313   -0.465156
1.776e-02   0.307813   -0.371875
1.784e-02   0.347344   -0.262812
1.792e-02   0.360703   -0.164375
1.800e-02   0.386719   -0.0557813
1.808e-02   0.414219   0.0446875
1.816e-02   0.451328   0.1525
1.824e-02   0.488594   0.277188
1.832e-02   0.5075   0.395156
1.840e-02   0.538984   0.503281
1.848e-02   0.563281   0.6075
1.856e-02   0.595781   0.734219
1.864e-02   0.625859   0.839844
1.872e-02   0.656641   0.953906
1.880e-02   0.690234   1.0475
1.888e-02   0.713906   1.14187
1.896e-02   0.736094   1.22938
1.904e-02   0.765234   1.31406
1.912e-02   0.805859   1.37625
1.920e-02   0.827656   1.43547
1.928e-02   0.86125   1.47594
1.936e-02   0.891875   1.53125
1.944e-02   0.916641   1.57203
1.952e-02   0.941172   1.57813
1.960e-02   0.953281   1.62203
1.968e-02   0.981484   1.64391
1.976e-02   0.998984   1.63031
1.984e-02   1.01078   1.67031
1.992e-02   1.02773   1.67422
2.000e-02   1.03695   1.69031
2.008e-02   1.05375   1.68422
2.016e-02   1.05719   1.69219
